[ColorEffects:Disabled]
Color=56,56,56
ColorAmount=0
ColorEffect=0
ContrastAmount=0.65000000000000002
ContrastEffect=1
IntensityAmount=0.10000000000000001
IntensityEffect=2

[ColorEffects:Inactive]
ChangeSelectionColor=true
Color=112,111,110
ColorAmount=0.025000000000000001
ColorEffect=2
ContrastAmount=0.10000000000000001
ContrastEffect=2
Enable=false
IntensityAmount=0
IntensityEffect=0

[Colors:Button]
BackgroundAlternate=41,43,46
BackgroundNormal=52,50,62
DecorationFocus=93,77,122
DecorationHover=93,77,122
ForegroundActive=61,174,233
ForegroundInactive=104,104,104
ForegroundLink=79,151,215
ForegroundNegative=218,68,83
ForegroundNeutral=220,117,47
ForegroundNormal=211,218,227
ForegroundPositive=39,174,96
ForegroundVisited=42,161,174

[Colors:Selection]
BackgroundAlternate=29,153,243
BackgroundNormal=93,77,122
DecorationFocus=93,77,122
DecorationHover=93,77,122
ForegroundActive=252,252,252
ForegroundInactive=211,218,227
ForegroundLink=79,151,215
ForegroundNegative=218,68,83
ForegroundNeutral=220,117,47
ForegroundNormal=211,218,227
ForegroundPositive=39,174,96
ForegroundVisited=42,161,174

[Colors:Tooltip]
BackgroundAlternate=33,32,38
BackgroundNormal=52,50,62
DecorationFocus=93,77,122
DecorationHover=93,77,122
ForegroundActive=61,174,233
ForegroundInactive=104,104,104
ForegroundLink=79,151,215
ForegroundNegative=218,68,83
ForegroundNeutral=220,117,47
ForegroundNormal=154,154,186
ForegroundPositive=39,174,96
ForegroundVisited=42,161,174

[Colors:View]
BackgroundAlternate=41,43,46
BackgroundNormal=41,43,46
DecorationFocus=93,77,122
DecorationHover=93,77,122
ForegroundActive=61,174,233
ForegroundInactive=104,104,104
ForegroundLink=79,151,215
ForegroundNegative=218,68,83
ForegroundNeutral=220,117,47
ForegroundNormal=211,218,227
ForegroundPositive=39,174,96
ForegroundVisited=42,161,174

[Colors:Window]
BackgroundAlternate=33,32,38
BackgroundNormal=33,32,38
DecorationFocus=93,77,122
DecorationHover=93,77,122
ForegroundActive=61,174,233
ForegroundInactive=104,104,104
ForegroundLink=79,151,215
ForegroundNegative=218,68,83
ForegroundNeutral=220,117,47
ForegroundNormal=211,218,227
ForegroundPositive=39,174,96
ForegroundVisited=42,161,174

[General]
ColorScheme=Space
Name=Space
shadeSortColumn=true

[KDE]
contrast=4

[WM]
activeBackground=33,32,38
activeBlend=33,32,38
activeForeground=211,218,227
inactiveBackground=33,32,38
inactiveBlend=33,32,38
inactiveForeground=104,104,104
